[gd_scene load_steps=13 format=2]

[ext_resource path="res://Base.gd" type="Script" id=1]
[ext_resource path="res://world_models/Building.tscn" type="PackedScene" id=2]
[ext_resource path="res://world_models/CircleRamp.tscn" type="PackedScene" id=3]
[ext_resource path="res://world_models/AngledBlock.tscn" type="PackedScene" id=4]
[ext_resource path="res://entities/ClientEnemyEntity.tscn" type="PackedScene" id=5]

[sub_resource type="PhysicsMaterial" id=5]
friction = 0.34

[sub_resource type="CubeMesh" id=1]
size = Vector3( 10000, 1, 10000 )

[sub_resource type="Skin" id=2]

[sub_resource type="SpatialMaterial" id=3]
albedo_color = Color( 0.611765, 0.101961, 0.101961, 1 )

[sub_resource type="BoxShape" id=4]
extents = Vector3( 5000, 0.5, 5000 )

[sub_resource type="BoxShape" id=6]
extents = Vector3( 10, 1, 10 )

[sub_resource type="CubeMesh" id=7]
size = Vector3( 20, 2, 20 )

[node name="StaticBody" type="StaticBody"]
physics_material_override = SubResource( 5 )

[node name="MeshInstance" type="MeshInstance" parent="."]
mesh = SubResource( 1 )
skin = SubResource( 2 )
material/0 = SubResource( 3 )

[node name="Area" type="Area" parent="MeshInstance"]
script = ExtResource( 1 )

[node name="CollisionShape" type="CollisionShape" parent="MeshInstance/Area"]
shape = SubResource( 4 )

[node name="StaticBody" parent="MeshInstance" instance=ExtResource( 2 )]
transform = Transform( 1, 0, 0, 0, 1, 0, 0, 0, 1, -3.15945, 1, 5.51748 )

[node name="CollisionShape" type="CollisionShape" parent="."]
shape = SubResource( 4 )

[node name="Ramp" type="StaticBody" parent="."]
transform = Transform( 0.730503, -0.557865, -0.393894, 0.606932, 0.794754, 0, 0.313049, -0.239067, 0.919156, 32.2298, 4.17698, -11.4498 )

[node name="CollisionShape" type="CollisionShape" parent="Ramp"]
shape = SubResource( 6 )

[node name="MeshInstance" type="MeshInstance" parent="Ramp/CollisionShape"]
mesh = SubResource( 7 )
material/0 = null

[node name="Ramp2" type="StaticBody" parent="."]
transform = Transform( 0.289832, -0.221337, 0.931132, 0.606932, 0.794754, 0, -0.740021, 0.565134, 0.364682, 19.1604, 4.17698, -26.4356 )

[node name="CollisionShape" type="CollisionShape" parent="Ramp2"]
shape = SubResource( 6 )

[node name="MeshInstance" type="MeshInstance" parent="Ramp2/CollisionShape"]
mesh = SubResource( 7 )
material/0 = null

[node name="Ramp3" type="StaticBody" parent="."]
transform = Transform( 0.491428, -0.37529, -0.785911, 0.606932, 0.794754, 0, 0.624606, -0.476994, 0.61834, 22.6518, 4.17698, 1.63665 )

[node name="CollisionShape" type="CollisionShape" parent="Ramp3"]
shape = SubResource( 6 )

[node name="MeshInstance" type="MeshInstance" parent="Ramp3/CollisionShape"]
mesh = SubResource( 7 )
material/0 = null

[node name="Ramp4" type="StaticBody" parent="."]
transform = Transform( 0.794754, -0.606932, 0, 0.606932, 0.794754, 0, 0, 0, 1, 29.39, 4.17698, -17.4088 )

[node name="CollisionShape" type="CollisionShape" parent="Ramp4"]
transform = Transform( 0.905698, 0.0720161, 0.417762, 0.072016, 0.945003, -0.319034, -0.417762, 0.319034, 0.850701, 0, 0, 0 )
shape = SubResource( 6 )

[node name="MeshInstance" type="MeshInstance" parent="Ramp4/CollisionShape"]
mesh = SubResource( 7 )
material/0 = null

[node name="circle_ramp" parent="." instance=ExtResource( 3 )]
transform = Transform( 1, 0, 0, 0, 1, 0, 0, 0, 1, -19.4378, 0, -46.1514 )
Ramp = ExtResource( 4 )

[node name="RigidBody" parent="." instance=ExtResource( 5 )]
transform = Transform( 1, 0, 0, 0, 1, 0, 0, 0, 1, -32, 19, -3 )
